NACA 2324                                       
 Alfa =  10.00000 Re =  1500000.000 Xflap,Yflap =     0.000000    0.000000
#    x        y        Cp  
   1.00000  0.00252  0.09835
   0.99116  0.00549  0.09558
   0.97666  0.01029  0.09119
   0.96064  0.01549  0.08632
   0.94313  0.02106  0.08098
   0.92427  0.02692  0.07523
   0.90425  0.03299  0.06919
   0.88330  0.03919  0.06322
   0.86163  0.04543  0.05843
   0.83944  0.05164  0.05832
   0.81689  0.05778  0.04192
   0.79408  0.06381  0.00865
   0.77111  0.06969 -0.03760
   0.74804  0.07542 -0.09351
   0.72492  0.08097 -0.15548
   0.70181  0.08634 -0.22048
   0.67873  0.09150 -0.28647
   0.65571  0.09645 -0.35251
   0.63278  0.10119 -0.41804
   0.60998  0.10569 -0.48336
   0.58732  0.10995 -0.54842
   0.56484  0.11397 -0.61378
   0.54256  0.11773 -0.67951
   0.52050  0.12122 -0.74590
   0.49869  0.12443 -0.81329
   0.47717  0.12736 -0.88173
   0.45596  0.13000 -0.95150
   0.43510  0.13234 -1.02285
   0.41461  0.13437 -1.09536
   0.39454  0.13609 -1.17012
   0.37494  0.13750 -1.24627
   0.35584  0.13859 -1.32480
   0.33730  0.13938 -1.40607
   0.31938  0.13985 -1.49038
   0.30214  0.14003 -1.58492
   0.28560  0.13990 -1.68323
   0.26971  0.13940 -1.76577
   0.25440  0.13857 -1.84212
   0.23964  0.13743 -1.91273
   0.22541  0.13599 -1.97906
   0.21170  0.13427 -2.04005
   0.19851  0.13229 -2.09741
   0.18585  0.13007 -2.15000
   0.17372  0.12763 -2.19716
   0.16213  0.12500 -2.24080
   0.15108  0.12219 -2.27749
   0.14056  0.11924 -2.30840
   0.13057  0.11615 -2.33314
   0.12111  0.11296 -2.35395
   0.11216  0.10967 -2.39084
   0.10371  0.10632 -2.46144
   0.09574  0.10291 -2.47221
   0.08824  0.09947 -2.47667
   0.08118  0.09599 -2.48122
   0.07455  0.09250 -2.48542
   0.06832  0.08900 -2.48421
   0.06247  0.08550 -2.48132
   0.05699  0.08200 -2.47354
   0.05185  0.07851 -2.46089
   0.04703  0.07503 -2.44497
   0.04252  0.07157 -2.42300
   0.03830  0.06812 -2.39833
   0.03436  0.06468 -2.36506
   0.03068  0.06126 -2.32774
   0.02725  0.05786 -2.28278
   0.02406  0.05447 -2.23128
   0.02110  0.05109 -2.17113
   0.01836  0.04773 -2.10646
   0.01583  0.04438 -2.02781
   0.01351  0.04105 -1.94398
   0.01139  0.03773 -1.84856
   0.00946  0.03443 -1.74518
   0.00773  0.03114 -1.62902
   0.00618  0.02787 -1.50783
   0.00481  0.02462 -1.37498
   0.00363  0.02138 -1.23322
   0.00262  0.01817 -1.08503
   0.00178  0.01499 -0.93110
   0.00111  0.01184 -0.77577
   0.00060  0.00872 -0.61454
   0.00025  0.00565 -0.45706
   0.00005  0.00261 -0.30326
   0.00000 -0.00037 -0.15357
   0.00009 -0.00336 -0.01207
   0.00033 -0.00637  0.12778
   0.00073 -0.00940  0.26226
   0.00129 -0.01245  0.39236
   0.00204 -0.01550  0.51174
   0.00296 -0.01854  0.62178
   0.00407 -0.02158  0.72049
   0.00538 -0.02459  0.80353
   0.00688 -0.02758  0.87199
   0.00858 -0.03054  0.92576
   0.01047 -0.03346  0.96372
   0.01257 -0.03634  0.98787
   0.01487 -0.03918  0.99893
   0.01738 -0.04197  0.99829
   0.02009 -0.04471  0.98782
   0.02302 -0.04740  0.96875
   0.02615 -0.05004  0.94281
   0.02951 -0.05264  0.91177
   0.03309 -0.05519  0.87609
   0.03692 -0.05770  0.83803
   0.04099 -0.06016  0.79678
   0.04532 -0.06257  0.75540
   0.04993 -0.06495  0.71225
   0.05484 -0.06728  0.66954
   0.06007 -0.06958  0.62666
   0.06564 -0.07184  0.58443
   0.07158 -0.07405  0.54292
   0.07793 -0.07623  0.50267
   0.08472 -0.07836  0.46323
   0.09199 -0.08045  0.42515
   0.09979 -0.08249  0.38865
   0.10816 -0.08448  0.35327
   0.11717 -0.08640  0.32019
   0.12687 -0.08825  0.28789
   0.13732 -0.09003  0.25796
   0.14858 -0.09171  0.22925
   0.16072 -0.09328  0.20276
   0.17379 -0.09473  0.17782
   0.18784 -0.09603  0.15489
   0.20289 -0.09717  0.13360
   0.21895 -0.09814  0.11387
   0.23602 -0.09892  0.09577
   0.25402 -0.09949  0.07852
   0.27285 -0.09986  0.06138
   0.29234 -0.10002  0.04309
   0.31226 -0.09997  0.01993
   0.33253 -0.09962  0.00479
   0.35317 -0.09895 -0.00647
   0.37421 -0.09800 -0.01435
   0.39565 -0.09675 -0.01985
   0.41749 -0.09523 -0.02356
   0.43973 -0.09344 -0.02557
   0.46234 -0.09139 -0.02642
   0.48531 -0.08909 -0.02603
   0.50862 -0.08655 -0.02475
   0.53224 -0.08379 -0.02269
   0.55615 -0.08082 -0.02010
   0.58032 -0.07764 -0.01682
   0.60472 -0.07428 -0.01328
   0.62932 -0.07074 -0.00925
   0.65408 -0.06703 -0.00496
   0.67897 -0.06317 -0.00037
   0.70396 -0.05917  0.00448
   0.72899 -0.05503  0.00970
   0.75402 -0.05078  0.01523
   0.77897 -0.04643  0.02126
   0.80378 -0.04198  0.02780
   0.82832 -0.03747  0.03502
   0.85246 -0.03293  0.04310
   0.87599 -0.02839  0.05208
   0.89868 -0.02391  0.06178
   0.92024 -0.01956  0.07147
   0.94041 -0.01539  0.07977
   0.95897 -0.01147  0.08579
   0.97579 -0.00785  0.09021
   0.99087 -0.00455  0.09324
   1.00000 -0.00252  0.09835
