NACA 4424                                       
 Alfa =  10.00000 Re =  1500000.000 Xflap,Yflap =     0.000000    0.000000
#    x        y        Cp  
   1.00000  0.00252  0.02021
   0.99144  0.00604  0.01720
   0.97747  0.01170  0.01235
   0.96212  0.01780  0.00697
   0.94545  0.02427  0.00102
   0.92759  0.03105 -0.00548
   0.90870  0.03802 -0.01252
   0.88900  0.04511 -0.02006
   0.86865  0.05222 -0.02804
   0.84784  0.05927 -0.03639
   0.82668  0.06623 -0.04500
   0.80527  0.07304 -0.05364
   0.78371  0.07968 -0.06155
   0.76203  0.08612 -0.06523
   0.74029  0.09235 -0.07742
   0.71853  0.09835 -0.11886
   0.69677  0.10412 -0.17936
   0.67504  0.10964 -0.25290
   0.65337  0.11491 -0.33323
   0.63178  0.11991 -0.41590
   0.61029  0.12465 -0.49829
   0.58893  0.12910 -0.57941
   0.56772  0.13327 -0.65914
   0.54669  0.13714 -0.73784
   0.52586  0.14071 -0.81575
   0.50528  0.14398 -0.89371
   0.48496  0.14693 -0.97143
   0.46496  0.14956 -1.05008
   0.44532  0.15186 -1.12988
   0.42610  0.15384 -1.21146
   0.40736  0.15549 -1.29752
   0.38916  0.15680 -1.39141
   0.37147  0.15772 -1.47430
   0.35422  0.15827 -1.55193
   0.33738  0.15845 -1.62514
   0.32091  0.15828 -1.69458
   0.30481  0.15776 -1.76083
   0.28909  0.15691 -1.82330
   0.27374  0.15573 -1.88221
   0.25879  0.15424 -1.93770
   0.24423  0.15245 -1.98930
   0.23009  0.15037 -2.03684
   0.21638  0.14802 -2.08063
   0.20312  0.14541 -2.11995
   0.19033  0.14257 -2.15523
   0.17801  0.13952 -2.18563
   0.16620  0.13627 -2.21072
   0.15489  0.13285 -2.23195
   0.14409  0.12929 -2.24608
   0.13381  0.12561 -2.25390
   0.12405  0.12182 -2.25668
   0.11481  0.11796 -2.26835
   0.10607  0.11404 -2.31190
   0.09783  0.11009 -2.31827
   0.09007  0.10611 -2.30523
   0.08277  0.10212 -2.29512
   0.07592  0.09814 -2.28260
   0.06949  0.09418 -2.26830
   0.06347  0.09023 -2.25049
   0.05783  0.08632 -2.22841
   0.05256  0.08243 -2.20532
   0.04763  0.07859 -2.17637
   0.04302  0.07478 -2.14431
   0.03872  0.07101 -2.10870
   0.03471  0.06728 -2.06798
   0.03098  0.06359 -2.02421
   0.02751  0.05994 -1.97219
   0.02429  0.05632 -1.91814
   0.02130  0.05274 -1.85642
   0.01855  0.04919 -1.78937
   0.01600  0.04568 -1.71442
   0.01367  0.04220 -1.63403
   0.01154  0.03876 -1.54501
   0.00961  0.03534 -1.45011
   0.00787  0.03195 -1.34624
   0.00632  0.02860 -1.23456
   0.00494  0.02527 -1.11637
   0.00375  0.02198 -0.99182
   0.00272  0.01872 -0.86084
   0.00187  0.01550 -0.72343
   0.00118  0.01231 -0.58585
   0.00066  0.00917 -0.44340
   0.00029  0.00607 -0.30167
   0.00007  0.00302 -0.16243
   0.00000  0.00003 -0.02700
   0.00007 -0.00295  0.10093
   0.00029 -0.00595  0.22994
   0.00067 -0.00896  0.35343
   0.00121 -0.01198  0.47096
   0.00194 -0.01500  0.58155
   0.00285 -0.01800  0.68390
   0.00394 -0.02099  0.77309
   0.00524 -0.02394  0.84730
   0.00673 -0.02686  0.90846
   0.00843 -0.02973  0.95305
   0.01032 -0.03255  0.98232
   0.01242 -0.03532  0.99740
   0.01472 -0.03802  0.99925
   0.01722 -0.04066  0.98954
   0.01993 -0.04323  0.97068
   0.02284 -0.04574  0.94308
   0.02595 -0.04817  0.91047
   0.02928 -0.05055  0.87286
   0.03283 -0.05285  0.83199
   0.03660 -0.05509  0.78953
   0.04061 -0.05727  0.74586
   0.04486 -0.05939  0.70155
   0.04938 -0.06145  0.65764
   0.05417 -0.06345  0.61456
   0.05927 -0.06539  0.57254
   0.06468 -0.06727  0.53200
   0.07045 -0.06909  0.49291
   0.07659 -0.07084  0.45459
   0.08315 -0.07253  0.41955
   0.09016 -0.07416  0.38502
   0.09767 -0.07571  0.35338
   0.10573 -0.07718  0.32271
   0.11439 -0.07857  0.29452
   0.12372 -0.07985  0.26844
   0.13379 -0.08103  0.24367
   0.14466 -0.08209  0.22200
   0.15640 -0.08300  0.20130
   0.16909 -0.08375  0.18352
   0.18280 -0.08433  0.16750
   0.19758 -0.08471  0.15344
   0.21349 -0.08487  0.14159
   0.23056 -0.08480  0.13178
   0.24878 -0.08448  0.12360
   0.26816 -0.08391  0.11680
   0.28864 -0.08308  0.11177
   0.31017 -0.08200  0.10737
   0.33264 -0.08070  0.10349
   0.35591 -0.07920  0.09947
   0.37978 -0.07754  0.09451
   0.40397 -0.07576  0.08450
   0.42824 -0.07381  0.07640
   0.45268 -0.07165  0.07255
   0.47737 -0.06929  0.07047
   0.50236 -0.06675  0.06981
   0.52766 -0.06404  0.06985
   0.55326 -0.06118  0.07048
   0.57916 -0.05818  0.07127
   0.60533 -0.05507  0.07212
   0.63173 -0.05186  0.07302
   0.65834 -0.04855  0.07364
   0.68510 -0.04518  0.07405
   0.71197 -0.04174  0.07411
   0.73888 -0.03826  0.07375
   0.76575 -0.03476  0.07303
   0.79249 -0.03123  0.07189
   0.81896 -0.02772  0.07029
   0.84497 -0.02423  0.06837
   0.87027 -0.02080  0.06607
   0.89456 -0.01748  0.06360
   0.91749 -0.01431  0.06089
   0.93874 -0.01133  0.05850
   0.95808 -0.00859  0.05617
   0.97541 -0.00611  0.05385
   0.99077 -0.00387  0.05738
   1.00000 -0.00252  0.02021
